D = [1,1; 2,1; 3,1; 5,5; 5,6; 6,5;6,6] 
C = [2,2;3,2]

